-.163636363058467	0.	.413636363058467	.625
.568181815292337	-2.19545453505241	2.60909089811088	-.106818178350805
-.859090898110882	6.3681817453669	-14.5181816627277	11.3113635288749
1.11818177715119	-11.4272723319917	38.8681805693482	-42.074998703201
-.863636210493876	12.354543519749	-56.259082837615	84.7613525060832
-.663636935175686	9.3545543899762	-41.2591371887507	59.7614430913095
1.26818395119662	-25.4182215647253	167.377518539458	-357.511868365109
-1.1590988696108	25.5547176722305	-189.433056119232	475.046139171836
4.36821152724657	-107.100731852346	871.810540077383	-2354.93678401914
-8.5637472393755	242.062154846449	-2270.65544021178	7072.46115684835
8.38677743025541	-266.453585242478	2814.50196067749	-9878.06351278256
-5.73336248164616	199.511031850274	-2311.10882734278	8915.84270995844
2.29667249632923	-89.5702273568401	1157.86628314259	-4960.05773198304
