0.	16.5	22.5	.875	-5.925460568	-.7599589800	-.7728254423e-1
1.	12.5	20.5	.875	-3.260679146	-3.340252168	.6454788137
2.	9.5	16.5	1.875	-2.031762850	-3.879152337	.4954272883
3.	8.5	13.5	2.125	-.6121494410	-2.143078467	1.122767040
4.	7.5	11.5	4.375	-1.519639382	-2.548473780	2.513624576
5.	6.5	8.5	5.625	.6907069695	-2.663086390	-.6773253296
6.	8.5	6.5	3.625	1.756991500	-1.799120630	-2.054518270
7.	9.5	4.5	1.625	1.281267010	-2.140431076	-3.104601599
8.	11.5	2.5	.625	2.118000456	-1.639155060	5.472984697
9.	13.5	1.5	8.375	2.246731170	-.3028886701	1.463187903
10.	16.5	1.5	3.375	3.895134860	-.1492302398	-3.076501202
11.	20.5	1.5	4.875	3.172789360	.8998096398	.3432072007
12.	22.5	3.5	.624999999999999	1.413587747	2.550111682	-6.546672512
13.	24.5	5.5	-3.625	3.172859727	.899743623	.34348275
