1.03723860123188	0.	-9.03723860123188	24.5
-1.18619300615941	6.67029482217389	-15.7075334234058	26.7234316073913
.707533423405773	-4.69206375521723	7.01718373137647	11.5736201708698
-.643940687463678	7.47120324260783	-29.4726172620987	48.063421164345
-.131770673551059	1.3251630756564	-4.88845659429299	15.2845402739374
1.17102338166792	-18.2167477526282	92.8210975471301	-147.564716628434
-1.5523228531206	30.8034844735651	-201.30029581003	440.678070085885
1.03826803081449	-23.5989240890718	179.516564128428	-447.89460310385
-.60074927013735	15.7374911337723	-135.174757654324	391.282254983491
.364729049734913	-10.3304235027788	99.4364740746353	-312.551440203389
.141833071197699	-3.64354414666238	32.5676805134714	-89.6554616661757
-.93206133452571	31.7949712422101	-357.255988764126	1339.69799235168
.586412266905142	-22.8700784093005	298.724607054002	-1284.22439092083
