-.379968091115643	0.	.379968091115643	22.5
-.100159544421787	-.839425640081566	1.21939373119721	22.2201914533061
.780606268802791	-6.12402051942904	11.7885834898922	15.1740649475095
-.0222655307893781	1.10182567690049	-9.88895509909642	36.8516035364981
-.691544145645279	9.1331690551713	-42.0143286121797	79.6854348872757
.788442113370494	-13.0666248300653	68.9846408140033	-105.312847489696
-.462224307836696	9.44537075166413	-66.0873326763733	164.831099491057
.0604551179762917	-1.53089719040862	10.746542918136	-14.4479435627977
.220403835931529	-5.36966642133433	41.4566967655417	-96.3416871558794
.0579295382975902	-.982860385217966	1.97544244049441	22.1020758192623
-.45212198912189	14.3186854373664	-151.04001578535	532.153603238743
.750558418189971	-25.369768003925	285.532972068856	-1068.61401889334
-.550111683637994	21.4543556618818	-276.356511920825	1178.94391706538
